RelativePath,Bytes,Modified,SHA256
MakeRecording_3D.m,5378,20260908T174721,cc36e5bb2e4cf5eac01eb9171b6e97b166f84cd8b1472be561af33a0900ba885
OxygenDynamics_Behaviour.m,12681,20260908T174721,ac4589c85e20b1d5028cb1b67219c33c0971f3bfa81d6efe42aa9b5e71c95053
OxygenDynamics_Config.m,3654,20260908T180136,0f1f018cd6d3ea7e1026696b22407eeed17bf9465ca7a1d23912ed2a2ef566d2
OxygenDynamics_GUI.m,55067,20260908T174721,65a0e53963d9a76f51a14c1f580d4e6062bec720aa8b6c44ad1a96d65d659b84
OxygenDynamics_Master.m,23571,20260909T130803,41246e5a095cb13c49c4cbe10e811913ddcb302a78f5e6dada7f14f30181c7df
OxygenDynamics_Stats.m,138,20260908T174721,24545968ddb8cc7fab5103cf51639aaf777c2f8893eaf83345df89c571e6815b
OxygenDynamics_Tiffout.m,614,20260908T174721,bb67193203124982bff5a361eeee1139d3f6bd528ea2e6fab3c004a757c5b00d
OxygenDynamics_VascularAnalysis.m,120,20260908T174721,8d9652604fcf82d970d641a6e4da83e318d0451978ba8fc50fb97099ef067397
OxygenDynamics_VascularAnalysis_IndividualEvents.m,154,20260908T174721,fe188e4b0b368ed3b00bd1a722bf419ff2cc1f65848817ccd8b3fec6fa6f3abf
OxygenDynamics_Wrapper.m,16502,20260908T174721,2540b09f4f4d84ae4e2fd463645347cbf567e9c7eb80f3a16e6a85d4c534dfa4
OxygenDynamics_plotvideos.m,5760,20260908T174721,6c3656ecd4b118f87b7f572f5a251a111c1748f64b45c6c0ae82aed11b6dad4c
OxygenPipeline_VerificationReport.m,129,20260908T174721,e28fe5ccc30d35929c1d3d393b0b512fe480819ae3e581801232c1011fedfb24
Run_Regression_Check.m,110,20260908T174721,773b4b9887f852c0e55083c0e1fbd0aee58da5e1c1af486c54e1b3c0df41de12
Run_Verification_Then_Stats.m,241,20260908T174721,4e2440602914a02d7c26e31708913eb22e064d81f21ec80838fd2a085770a523
Run_Verification_Then_Wrapper.m,235,20260908T174721,862b231bc7eb045ddaa86f217f514f670f8df3599a410ebb5cec26e3e33ed753
Start_OxygenPipeline.m,162,20260908T174721,3f282743fa20cab5e7e713dc16568bee22b352dd0cbe70e7562767c1f0ee630e
analyzeHypoxiaAmyloidPair.m,10010,20260908T174721,88dff1b0fbd69fb23abdafb13c34341395e35b529560edf4211652ec79b39826
archiveOldOutputs.m,2888,20260908T174721,7c18691b27e49c368fbd3ad75c20373455c090ef084bbaeea3fd6d34ca6727d6
auditOxygenEventAmplitudeSource.m,7106,20260909T104138,58f936373c8c5c76607ce3b2c52622bc56d4378b1595416c269b669b877d2e8c
auditOxygenSinkAmplitudeSource.m,1059,20260909T102958,cb2485165ffaaf150221fd70f5974f984f1dc43f185a7c4733ce6f2470fc4bce
checkOxygenPipelineHealth.m,6641,20260908T174721,77af3f965f553334423c72e02c03e228d81a96d51ef49e3443e209d703767a08
compareRawDenoisedOutputs.m,9317,20260908T174721,72e0da60510abd1aa43f5cec052ebfec26d71b073265c4ab376a09ca0b474e49
createOxygenRegressionBaseline.m,3255,20260908T174721,eb65059d33be5f17d714f0dcf3b7d3621cd5ed8c58f1c9786eea91d55b347d49
createOxygenReleasePackage.m,7325,20260908T174721,5ed163cf0245fa2bb9e2552c8790626813c6f0b153b4cd979b3ece2004ad663b
external/abfload.m,57432,20260908T174721,7fa7b513e0f0ebefa0725f5b53e70b7f9383d29bc0e4771165d8e4b9fe0dd918
external/loadtiff.m,5390,20260908T174721,c408d9e133a788b858424b781e66bb0d4d967d969b7e62544aeb1f8ebe38570e
external/saveastiff.m,3049,20260908T174721,8d120dd1b86a881c105f4a9843f850d6e86a1069c8026c84ae5541b67f33d880
findLatestStatsOutputFolder.m,686,20260908T174721,daa9f63369c26b032a8696f68ac5090fe350a22c18b3925c4afd46a41ecec639
getOxygenPipelineVersion.m,278,20260908T174721,041f873dbe04b7f7f33360817ff63d64dc93767870806ee479e747fc2ebb120f
getOxygenRegressionStatus.m,3662,20260908T174721,dec6aa5e3759c6fb2d2ec43cd9c13c18010712515324020b22ef4dcb7d7a5b9e
getOxygenStatsAcceptanceStatus.m,1897,20260908T174721,31988ae1e1f5e5e8fec13911deae7ea56017cdf1f01ebafeb2e763ef28b1d1ac
helpers/addAlignedSinkEventTraces.m,767,20260908T174721,433021347a123f4f07284822936a5dbc35ebf2516cc6b1daadc5913f2d03c3f5
helpers/addStatsRecordingMetadata.m,893,20260908T174935,a943d3a98cd49e3ed2a7448275502f51bbeed074839ee8dc823ad944d9b8c462
helpers/addValidationToLegacyContext.m,532,20260908T182041,1b09c410cb896934128bd4b09834793a2e74cd4a94f09d594500837135798f8f
helpers/aggregateOxygenRecordingBurden.m,2911,20260908T175452,219bcd0887d465fc6927e288a04eb6c2d7428b53e93ea1c5495993bf8807e2ee
helpers/alignOxygenTraceSamples.m,707,20260909T082854,7fbc8bf4957576eeb2404960047550b5a2ab5f2a0538e6498f34798f93977fc1
helpers/analyzeHypoxiaAmyloidEventProperties.m,10726,20260908T174721,472fcc847d4dd675dcf48b8893f43ab181bdaab8460d576ae0cb3f09c3b33cc5
helpers/annotateOxygenEventRecurrence.m,1457,20260909T130803,e23e6a28b18856a3fe2f43020eadec8659a31049e8b98844a0196b3ff3984f8a
helpers/appendFailure.m,298,20260908T174721,cd4ad70cf7a33c865882a35aac04ea32c7ad743301d39fbc0315081fd3e1c0c7
helpers/applyOxygenDynamicsConfig.m,674,20260908T174721,e7c437dfb4c4ce8931e24e4483762dc4abb0ed83a0a9e2698cfb69f574e85cc0
helpers/applyStatsSinkCuration.m,1379,20260908T175253,50122bc16d7c4e7bbd8c8c9805ab9fd8ed37c4d4ae4d1d08413f9d10214d6db0
helpers/assertNoBlockedVerificationRows.m,541,20260908T174721,9a0c086226680dda00a399aa92f6a95bf82e4b595cb595897d89a9bef22a8dfe
helpers/auditOxygenEventFootprints.m,3877,20260909T102823,058bedfe87e2ff59e40d93413cd4258909ae9b6d8a1f53e78a73c4049fbf09f5
helpers/augmentStatsOxygenMetricTables.m,555,20260908T174721,698a3ad56285570a6b65b2a2dc597b7e7a37e7b5bb807bcf47faf6841eed0e5a
helpers/averageOxygenTracesByMouse.m,512,20260909T082854,44249b6a7fbac08a78d64f6c8607cfedbc88479c450c850dd3aa15d3d611de61
helpers/buildOxygenFigureListItems.m,2575,20260908T174721,4a88200d7da23c19ffe61d1b1eee34b53b633a709102bb271a2bbdecbb931ff8
helpers/buildOxygenRegressionGuiTables.m,2810,20260908T174721,7907c348b65e15e88a2507c02b0451cedad7c3b3cace5ecced21231a50f64475
helpers/buildOxygenStatsAcceptanceRows.m,2891,20260908T174721,c744aee102e470872b332d30f290811635081d96701984f2c6a751b4ac018ad4
helpers/buildOxygenStatsPreviewRows.m,9892,20260908T174721,96ae175b7d0b4dbf02bf8d52034b097177739b0df8df2d30fcb4cbdad1a1fa80
helpers/buildOxygenStatsQcRows.m,15002,20260908T174721,4bab10eeb319f583883ac5668311b182bb60392793209e5295b71dc4e50a9f87
helpers/collateOxygenSinkEvents.m,4597,20260909T130803,be8b2fb71c1161fe759c33f8f20fad17c47d4d45bdbc3000f8bb221c219e3cec
helpers/collateOxygenSurgeEvents.m,3676,20260909T130803,eff61d5f3b58f5c3d8214bddae22ff5766e050b009a460f480230a701b1758cf
helpers/collateiOSSinkEvents.m,1549,20260908T174721,6687252b9978de1ab798ab00842e11cdbb032a4ea21e4449e48d34deb8d1f44a
helpers/collateiOSSurgeEvents.m,1371,20260909T131152,7b7ef244aab954219698ced015f43e648aba7706c6f69354a384ef91d6f18f71
helpers/completeOxygenBurdenTimeSeries.m,1485,20260908T181333,6c1ae22a4a6fb849c02ea6e6ec1fb56323ef00f882882aa83400f6f772a3b724
helpers/computeBehaviourPercentileBins.m,1573,20260908T174721,de18c00f90a9beac96d8f0f489aa5b2258df13671d842efa140c97b6c6e55739
helpers/computeEventSizeModulation.m,364,20260908T174721,d41d580abc77fc1a52f1fbe19095381ca2182986ac544b8213356e5e17dbbd8b
helpers/computeFrameDifferenceEventMask.m,1266,20260908T174721,c41299a666044061f8c650b9ebeb8d1510af8edce9bbdd5bfc096e64586c1fe8
helpers/computeOngoingRegionSeries.m,1466,20260909T082703,2b3cc311927312f827d74b70b5cad3d02a825790af1e85d122cf0357c7d57fe0
helpers/computeOngoingSinkTimeSeries.m,141,20260908T175253,b2ce4e9676b6874de28937d6493074fbc2035151d814999e2b21586d600a5b2c
helpers/computeOngoingSurgeTimeSeries.m,175,20260908T175253,8d734322b70665c7c12327da3d83e4e7672cd6ee816d7c00d0566a8781a75310
helpers/computeROITraceFeatures.m,1677,20260908T174721,54f33cdb1115c0f4415bfcc2dc56259a8c6b1e8df34dd3896036c486576e9f72
helpers/computeRecordingArea.m,2370,20260908T174721,d270a4d0ed8ab52cddeb827a34f946193a746527918f591d198325126eb3dc00
helpers/computeTracePotentialNoise.m,451,20260908T174721,62600baabb26b781f45fa4f7e83f45cda00d0cc1feea7f012cb15052f9995270
helpers/computeTrackedRegionMorphology.m,5836,20260908T174721,ab388d05ba8afdd32c3bbdabd6bcb34668ef57a32e17898b3b1a85d45fa1b8b4
helpers/computeVascularDistances.m,2194,20260908T174721,ed5e17d70f4c572b548866ce7c18098dfcac7e062c42e192b389af5bf9a3083e
helpers/countTrackedEvents.m,287,20260908T174721,9d7260b33b305e84ea1df6e928980bbf972f38aba0b00180699f9c303d5dc2a8
helpers/createAdditionalOxygenSinkMetrics.m,1010,20260909T091550,1f6b2ac296f8fb8e442fc0fc5cd331a52618876f3a26b2bb4c7a2cf44122ee92
helpers/createAdditionalOxygenSurgeMetrics.m,1075,20260909T091550,0636eb1c40ed5a2daa7a061509a8c39006ada895762020eb6fd84a04fe5864eb
helpers/createAlignedOxygenSinkEventTraces.m,1804,20260908T174721,41270f7f06a5cbf8d1fb76c8eeb1851e40051663294a60b9005278378b260093
helpers/createAlignedSinkTraceExport.m,1560,20260908T174721,d970a3688ea6f7c8a648b7d2ca250e6c52ab13fd057bc0025be985a5b79fbb13
helpers/createAnalysisRecordingRow.m,929,20260909T085425,03c4035005d072cb45b65a8e1e0c8b8516fb8137bf446564c9a1e3942fdaf2f4
helpers/createBehaviourBinTraceSources.m,1118,20260908T174721,99cb4ed2b7a5ceb311ceee3ed1338351c1a1c38695368e5e5386a02e4a1818b2
helpers/createBehaviourLogicalTraces.m,1786,20260908T174721,5e8271c8255baae416751bdaccfb8b2dacc948bf9309f47ca25f63850a12d097
helpers/createBinnedTraceExport.m,1023,20260908T174721,6708170fa7d7d26c983d115a43040fdd68694a18be51da8c86199e96b61c6ff8
helpers/createEventSnippetExportTable.m,257,20260908T174721,097982fc9abf6a62540d1a5bdffdbbea8a774babdf6739a071635df1a640bc5a
helpers/createHypoxiaAmyloidOutputFolder.m,499,20260908T174721,d82e57ea3f4efe65e1fab4b00c0bdfe762e0b65a898185b9600a95610c4d09c0
helpers/createHypoxiaAmyloidRunOptions.m,1277,20260908T174721,b6cb9deecbcbeb555907ad3730b60e74257a2303f933de22a7dbd82a04649364
helpers/createHypoxicBurdenMetrics.m,26823,20260909T085556,7e61ebe0efa462d10c7650a04948221d96fe4fd177eb54271a99db8464998682
helpers/createHypoxicEventSpecificMetrics.m,5982,20260908T180815,7ba60627edba59333ae7c8403eab2432b8c850b90f45fce44930cb35a3ac402a
helpers/createLegacyRecordingContext.m,450,20260908T174721,1bbf677f7a186868e100d68d21eb9899dce68d7b93aa9b29becc902e47ce63a4
helpers/createManualEventSnippetExportTable.m,761,20260908T174721,9f5f4da3d65b5a01c091084aac185422cf105b563aea52a0a91d81719c3ca9ef
helpers/createNanBehaviourPercentileBins.m,201,20260908T174721,c8ecc98e189ce2318fb645681928c29b182b2b7b65a7750adbee38dea0b696fe
helpers/createNanTraceExportTable.m,217,20260908T174721,7e8f9282aa7ff6ce0385925958d3ec5d0128513ebd95c94032bb87cb33cf7b80
helpers/createOngoingStatsTimeSeries.m,6867,20260908T180658,a2ad11fe90b8f8aff0cdd42f70aec900072cb1702d167bda908f45b6caa49ec4
helpers/createOutputMetadataVectors.m,1349,20260908T174721,6d705d083357c05762e890293d924f30a471b6b2a5329c0b8fb564c04e56d910
helpers/createOxygenAnalysisWindows.m,3121,20260909T082703,e9440ede4350a54190afd41f9d894801fbba9759b6b7f11c20e97cd11affa3ff
helpers/createOxygenBaselineContrasts.m,1782,20260908T175452,3023b66ae6b1e299b5e70fac608a1f4acda0df5288375d5d19a96b0589307b5c
helpers/createOxygenMasterOutputData.m,1724,20260908T174721,bae3665712b73333a3f5924b28e1a2a0e90b1a5d68bcc910f9fce22adb0d0834
helpers/createOxygenMasterParams.m,3057,20260909T130803,41ea456206d1b94b9ed9b07b9ade09a8ed8877e8f2bbbec233e8e0a2f9f5f9f0
helpers/createOxygenMeasurementQC.m,3275,20260909T124150,a196dd8c5501746a2df6f6f8efdd59d2c3957522144c9f2282b2a49a44b7fbaa
helpers/createOxygenOutputFolders.m,2304,20260908T174721,3948d7cc0a1cf695221e2a4288d8254ace9bbeaf72504b3874c1502891e36ce0
helpers/createOxygenRegressionCodeManifest.m,1229,20260908T174721,1d62950dcf077f4dd1be44cb5bed2eb898a39170ccabbefde905505ed598d081
helpers/createOxygenRegressionFileManifest.m,2583,20260908T174721,15ee7c1e8b40ad3a59aaac3f564ec14d37cf7ea3e4a8f6869de9e34a690e3df0
helpers/createOxygenSinkEventTable.m,1608,20260908T174721,cf9931447fb9f08b1b23a720a222a03fd3e06c827be74ad1dc31e4b5f9d26f39
helpers/createOxygenSinkSummaryTable.m,1292,20260908T174721,fa3cd1bc2a2709dc2fd8857104bd034f5897d6842fa9b1519678dda05a614d4c
helpers/createOxygenSurgeEventTable.m,1792,20260908T174721,1479fdb63512754398ca1895ac6bb4446964e904c42c084cb9028a1f504c0407
helpers/createOxygenSurgeSummaryTable.m,1600,20260908T174721,a1e90a7f56bfdd33c1d2a07310871705cf24e6e16deb8bd1de5ac6562c15a1f9
helpers/createOxygenWindowContrasts.m,1339,20260908T180136,8f3606ced89a2158b207958c2237cd1e72e9b2d3cacd77bf8128650bc68b19e7
helpers/createPaddedTraceExportTable.m,485,20260908T174721,682d59c6471829839d2d5ef8e7c11d8f8097480004bd81a5e7340feefd8ba623
helpers/createRecordingMetadata.m,335,20260908T174721,5d927c94ff823543d0ef402f273283f04a0a4c6f0e8dc395c9ddad97e1b34734
helpers/createStatsAnalysisFilters.m,1084,20260909T085425,f974367e5472d54ee1c24d54ce2c046c79aec10a9baa9e1759c9bc926d8a7c7f
helpers/createStatsBLIData.m,424,20260908T174721,e18d0f34ed0af432af8e5c185d5f3349b841fc9abe51b38b6b5af2fcf69c2061
helpers/createStatsBLIWorkbookData.m,823,20260908T174721,bbfe2ff91040b3ed2590e75a40b01e197aba5e23cf62e2f19f4d277ca89fce3f
helpers/createStatsBehaviourInputs.m,251,20260908T174721,8e4ddccd9591f3acf7a37bbcc1f9212d8dd1cfeb20243bb0131fb11bd1bf8ae8
helpers/createStatsBehaviourPercentileBins.m,1784,20260908T174721,67b1a40320f56bd650589b5835877a110f79d03525085b219a3f0aaa78430bd1
helpers/createStatsBinnedTraceExports.m,759,20260908T174721,10bf23e99a14da12c5a3dd6ea0a9c79a44957f59b3969120f272086011afe9b6
helpers/createStatsCoreData.m,1390,20260908T174721,77b32060cb207addd4288c62337eff2f6afe2d2b17b6364e0e567302c624dcec
helpers/createStatsDataOutput.m,1825,20260908T174721,2e6e932b43568972b66d1ace1106af19813fbca73d3692104aedf56391c58a37
helpers/createStatsEventSnippetExports.m,936,20260908T174721,b0e693e1f11db093a69a2896c92e25b4e0465ae29bafb373418fc7dd85b3ab74
helpers/createStatsExcelOutputPath.m,772,20260908T174721,ed584148a7342f5d6a88e865c61bcc584dafd6f3a6fc96ad20cbec3d7639575d
helpers/createStatsGroupFilters.m,1816,20260908T174721,fba8f69b7bffbc37f824a3ffaf22af0e3d39a22a0e95282130d031b9c71a7c97
helpers/createStatsLoadedRecordingData.m,849,20260908T174721,b694f56a43c4042f6908de899d52c2e6f8fd1cc9bd253df57e456501c06fb99a
helpers/createStatsMetadataCellRow.m,331,20260908T174721,99189bd25061cacef58a5a9f477161f8ff46f583413f0096a5e246ae79543d10
helpers/createStatsMetricExportTables.m,1497,20260908T174721,0dee06c39b8f1eabf234eef719c827a7d28d23322e6301af7d016c619dd71fec
helpers/createStatsMetricWorkbookData.m,1911,20260909T091550,115a20c1ae87d34ee803086bebb87413a27e72e09c7526a07bbb7e441b1d5cf6
helpers/createStatsOutputFolders.m,787,20260908T181529,b799613f14e400da67a5e4e1d92dd7dda364cf23420604f4866467cf05c5678f
helpers/createStatsPooledPuffTraces.m,3188,20260909T082703,0dfd6275973e137431e05530c0b2c8785471a64f5c2c73bfaacc80b2f5a0773b
helpers/createStatsRecordingInput.m,660,20260908T174721,954708671847827650b4cf10836fd8e64c1681eedb9d8f54032106ba5b0a8b86
helpers/createStatsRecordingMetadata.m,994,20260908T174935,45ba43c711a14377c3b880f9eb924fef6a2702aca902b33b4602a9b63ff3e10b
helpers/createStatsRecordingSourceInfo.m,1236,20260908T174721,57a9970ab670e28996a14ea98478f2067f32e2d4a8f22116e3474f19657d8a41
helpers/createStatsTraceExports.m,1782,20260908T174721,720024d0f953c4c4be4bb923e9ecad14a2efe6625518998531b1699696c25140
helpers/createStatsWorkbookOptions.m,864,20260908T174721,4c79e12337ebab59d47d0b2a0aa23dd2a590fdc0e0a8473f6546f56a291a03c9
helpers/createTraceCorrelationExportTable.m,255,20260908T174721,473b56ecd44bf1647aacbce9377db872917ff3dc7af3edd1416474074e5f702b
helpers/createWindowedEventMask.m,538,20260908T174721,2365bcf5149ba4ad1415ff45a83b9b874912db616d9d3bd812b2fb45560a0835
helpers/createWrapperFinalizeOptions.m,1829,20260908T174721,83e50edcb36d0d2f19f5234d2a2fb975f85a2aa2a366c9114772e3ce15dd1c0c
helpers/createWrapperRunInfo.m,903,20260908T174721,9f4ba75404b1b2168a36cdbadc96748f2c78d61dda0d9dba4d4434cdfcd9a0f4
helpers/createiOSMasterOutputData.m,1368,20260908T174721,e475a027b2c6849f9cfac854e068b7298960e43df39501151bf5462053f7a728
helpers/createiOSMasterParams.m,2804,20260908T174721,c9ab4a8f27640c73f384aca6897c9cb4cccefdf7d1917498cb7ddc4d69daf45d
helpers/currentLegacyMetadata.m,1048,20260908T174721,9fcf3dca91c97d42a8efea8ecff3d979719133f9c5e4b40aed32770460f0b625
helpers/detectFrameRegionCandidates.m,1405,20260908T174721,4dd69e9a9d747399f1d76ec01a38a66a7cac1c069decc33fc404e6fa6d1dc0b5
helpers/detrendOxygenStack.m,929,20260908T174721,d513a16e9921742263586a6fa4503ea554e3adfa3b8940bd2ca25cdbeb442ee4
helpers/detrend_custom.m,709,20260908T174721,89f72375288dfc1698f131871bc116ecb5e3e5b045d904cb4981735ce883988c
helpers/ensureStatsEventPuffStim.m,410,20260908T174721,fed1093afe00997689f8d5a7228d5ba7cab7fab0e778c9a64bc77d823f34931b
helpers/exportHypoxicEventSpecificMetrics.m,3337,20260908T175648,4415662f0bb73a3209d82ec6a106aa2ef84b563a4efe9c78e3604040c058e94c
helpers/exportStatsResults.m,4660,20260909T091550,cbd1738e053f0b0e7a7d4f6da52c53acf2f651d30c9fb8e0ec5bbfe3087e0278
helpers/extractBehaviourEventMeanTraceSnips.m,989,20260908T174721,9b30741fb2c92f15a86983ed552886cc2cb1dbbcb96e8a5d73eb8b838611ad95
helpers/extractCenteredTraceWindow.m,527,20260908T174721,147819415b5fa4416e668f69de173a12823278fba9ff15295d036cc98430e866
helpers/extractManualEventMeanTraceSnips.m,864,20260908T174721,2affb60a290136d1e6504e9d33b4add3f0a66cc5b7954c28b863e72bc82eed58
helpers/extractOxygenRegressionMetrics.m,13375,20260908T174721,409a44086fbae7a08c2130d16c025812a3e5eef1c4b92d79acf8f3aa7b1539c8
helpers/extractPuffAlignedTraceRows.m,1432,20260908T181125,ddf44165937f00228d098063913399a25c0ddfa8e9b04be1f7c492a329d9cd4a
helpers/extractSinkTraces.m,1907,20260908T174721,5c980dc8781e3ae088aced309c6851c4794b313c1b7c3c781a961bbbb396978e
helpers/extractSpatialBinTraces.m,490,20260908T174721,94b260df18014d5053f2fe7785a199600183538b5c067970e0df6a39962c794e
helpers/extractStatsBLIEventSnippets.m,589,20260908T174721,5bb2dde3c4b33d8696fee00a44509216ce80907899e96c9a700b8841b333f488
helpers/extractStatsBehaviourEventSnips.m,1172,20260908T174721,18bb5cc17abd68a06fcb07f5df64b1189e515b6f0b3beea54457dfece5fa3ead
helpers/extractSurgeTraces.m,1001,20260908T174721,bba62295d18fc058cb62500dfaaaf5cdc556ddc16495f3e8107aded2e51384ba
helpers/fileSha256.m,537,20260908T174721,1f1baf9efb427ab00b5403ee87a857812c222e09788ff998d97459ed43184024
helpers/filterRegionCandidates.m,1064,20260908T174721,849fca2c6a7100c42eefe321b95edf4dda0742eb7f23f9d523c0965ccd402811
helpers/filterSinkRunsByDuration.m,642,20260909T124150,8f6c465e1c4047bb7e8203d8a824cf4bcb203e4b4c50986f02563f96f69e1d72
helpers/filterStatsMetricData.m,597,20260908T174721,5c3860f6ac70185af75230f453d82e815dad6c53016811b093b8174143a0e336
helpers/finalizeOxygenEventMeasurements.m,6549,20260909T130803,fcfc63350cf0a2297703450095937758c0dd9171d06cc9fbeb419ff72007676d
helpers/finalizeWrapperRun.m,2563,20260908T174721,2b2c79046e0cd0ae036f1c2c438492d7a75ed71744e1db37d2f335a22b8e5918
helpers/findFilesMatchingName.m,785,20260908T174721,66077d4476d84897a2d72f3ec5bc2580ff6f7668ba2a14fa5aa9cbfdac7b9f34
helpers/findStatsSidecarFile.m,869,20260908T174721,9a397923aa6db2e8eb5224fa93832464161bdb5ec0e52db2027c0806dd1ef064
helpers/firstTiffName.m,208,20260908T174721,7086134bcb7457f3914ef9e3ee1f1df940f82b762f6539b69c6c37f0840b47dd
helpers/formatPooledTracesForExport.m,1277,20260909T083121,1338ac9e53b4db4e8ef8ad055a6a84a0254d6aa37f225c38e70efdc42ae893c3
helpers/formatRegressionTimestamp.m,435,20260908T174721,aa88db81a18fed11c39dd2e75b1f225f0a1d2ff11763f8662f3f572316abaf4b
helpers/getWrapperEmailDestination.m,554,20260908T174721,696f52df8429687d835ce5249fd222601b5b87a75b5a5e03c7c70a6cd500c36c
helpers/getlatestfile.m,1695,20260908T174721,5f3a8ec4637f886f07819c6fcbaa8660ec5fe44420d1e8ea216957df963091d4
helpers/handleWrapperFailure.m,545,20260908T174721,26e357c640fb523b5e2ad74f5b8fea638aad46b650b1b653fa0c713b8bf5f761
helpers/hasStatsBehaviourInputs.m,413,20260908T174721,4695a02d868f722b02c4de6d2d0dad91f4a29327bd55506def80d810e6b0b908
helpers/hex2rgb.m,932,20260908T174721,94cd90396243d6d041c7726cd5edc0a9e22470845fcde0608c789f5633de3f44
helpers/inferHypoxiaAmyloidAge.m,843,20260908T174721,06bc30b32cbf87dbd0d59c31fcebb18281e8b3103b9ef35129ed3bfd1e20abf2
helpers/initializeEventMetricCells.m,340,20260908T174721,223e4ae63bde401a52f4760a47cc06d325003327f96341368ec309cb27f81612
helpers/initializeOxygenSinkEventVectors.m,1537,20260908T174721,10be9f795ce0ea3bd09ed28f34aa54c527064e98136de58b8d4f9b2459e8866b
helpers/initializeOxygenSurgeEventVectors.m,1581,20260908T174721,a1a5bfdcc4cc8b19add958368e1aa514550a1438539b62782d0fac2e8d1338b3
helpers/initializeStatsRecordingCells.m,779,20260908T174721,cdf48ad2d3eeb77e8bbbb1e2d8937cd3714c511a5fbe940ff42436489502f1f1
helpers/inspectOxygenTiffs.m,741,20260908T174721,75c4f01b295d51e65685db3b72d2060f1923f9ca72e01de65eaecb7ccc1ff4cf
helpers/isOptionalMetadataValueConfigured.m,521,20260908T174721,8b6d1d7409c8c040102fcf690d5f6728a7eb1535c789c5258b69b6bf09b3a018
helpers/isRemovedRegion.m,267,20260908T174721,eb23632c9e5da0f01820c599097b9be07ac94574dd4f21054e1d331f3a1a41b5
helpers/isStatsOptionalInputConfigured.m,838,20260908T174721,4e3a2f19c8e13fdbc9e084de60a2a18aa42bf640a73f2ca0e939a4b258da3e71
helpers/labelLogicalRuns.m,413,20260908T174721,29ae5184ce51c9678850f7c1fcc433955a5c66aeb79b01b5f064e51d602a639d
helpers/loadOptionalMatVar.m,314,20260908T174721,f4b036cb0468c5d74bd41fde3bd19f8919a1c69d2628728e268d712a060c4bc8
helpers/loadOxygenMasterInputs.m,1866,20260909T085137,13718309eb105d84a3e31dd8317abf9772edb3e70037d863b6fd5ec41fd16153
helpers/loadOxygenStacks.m,1491,20260908T174721,0917a7ba096cc359e5ab01098763d00edb8554de20f6dce3ba76716795b7f119
helpers/loadRawTiffStack.m,726,20260908T174721,37952bd229d5065a784271e2b20b2b056d80d6d8ddc6626aef20ed56e6e1f9ba
helpers/loadRequiredMatVar.m,289,20260908T174721,a5acce213bf6c5fcd89eeb5a78a4a791ab332e5773e15ff95664b4777fe8b44f
helpers/loadStatsBehaviourMatRow.m,1488,20260908T174721,ab3a2ff462fe9c0d7972bf8a6a4b0910aaad89138125902e31be69aa47af3848
helpers/loadStatsBehaviourRow.m,453,20260908T174721,f36354115559581b4dfd36aa30b67fa97ac6928a4761b114d6eb3876089aafd1
helpers/loadStatsMatVars.m,900,20260908T174721,015ace83292d1899e13d517a01036849727e60c16c391c91b4bb9c662772a3b2
helpers/loadStatsROITraceRow.m,293,20260908T174721,6b6d3e4e861e4dd61de66a330b86352d9fc0d05270fcfa8a7d570c2498addbc2
helpers/loadStatsRecordingIntoCells.m,4559,20260909T085137,185abb3bf076bc603a409218dce660b87ad555ef8c5df5767cb1f891fc01cf99
helpers/loadStatsSinkArrayRows.m,650,20260908T174721,ee8848a60ed46a7e22117ef39ebaeaa53c6377d39c2f8f926cf20502a4573454
helpers/loadStatsSinkRecordingData.m,1547,20260908T181529,b7671f85cd06571ecfe33532f83e5eef2ba257ba99a956f1e50d5ad4e913b912
helpers/loadStatsSurgeArrayRows.m,462,20260908T174721,63b2676797ca1451169eefeb0f85c01cf99ec09f649133c5a384d40eb0b75b9e
helpers/loadStatsSurgeRecordingData.m,1125,20260908T175452,3a7d1aaec2e992e241f295c5aebd3879443908727681785a16afe4c1e826d491
helpers/loadStatsWhiskingRow.m,1558,20260908T174721,68ac4bfe746af83332901962883472d8be03dc9bd70cc525bbc7d2d3a0702728
helpers/loadVascularAnnotationMasks.m,709,20260908T174721,0709c0d1256a0457ca91cb29487a47f130bd2cb0b02a482bfc35f947c12c2206
helpers/loadiOSMasterInputs.m,788,20260908T174935,7d3b74a716ec496c8668bfe3a9e6eb7dfdc224be7fa6483c78e73d54c6815353
helpers/makeFullRecordingPath.m,566,20260908T174721,ea2317e7c930a654df78bfa65aaa91cdac7bcf2f688bfad492850d869a28ed75
helpers/makeValidExcelSheetName.m,407,20260908T174721,0451d910132043de49c0637e1661e9ec8f65a008ddff49509a053573a0216f52
helpers/mergeStructs.m,393,20260908T174721,50c4b63516202aa113ff371cc9bb33c27842afbe996027036231cf05fdcf603c
helpers/mkdirIfMissing.m,182,20260908T174721,960dc2e41be25e996266ea6d184b00c2e894179f50a04b523ea9d7e864b2968e
helpers/movingAverageShrink.m,599,20260908T174721,69ff45d0e15c4607fc65262eaf7f3afd754103aa92c86a56f25bb955a3646c26
helpers/normalizeToDfof.m,1122,20260908T174721,4de662b097b579e96e046bfd21e43cfc0d0cc8099f3298c36a6112a113147dc5
helpers/normalizeToZStat.m,1273,20260909T085556,17c40e0f3b312c45e4b4531d505a0fe324261d7f8381daf1dfcc0ee755dee52e
helpers/optionalWrapperInputColumn.m,316,20260908T174721,1df115ee85590c227e909f1b0f5d283146e4b1f03907bd7a20d0be4794d4c05f
helpers/oxygenEventJoinKeys.m,727,20260909T085425,ed4a05b27f8a569ec65fe390bf9b5a6414dbae506c3ee8de5c678bf02cde9840
helpers/oxygenFileSHA256.m,497,20260909T085137,de986886495ac40b6366fa520d38f42454320bd1b9430c2f4deca683b07af6ad
helpers/oxygenPipelineContract.m,342,20260909T130803,c6c10f386c51ec27fb2c5ed13e0ed8e8ec9d1c351c9e3521ea6bbfeda0a9c43d
helpers/parseNumericList.m,339,20260908T174721,72188f6447a1f7d31ad39018229460f8ee07dc8c286a6fce4e92a36bc8260d9f
helpers/peakfinder.m,10972,20260908T174721,057926694660d24a9467ce96aa53e8d510f1de9fab4457db87077ad9e8c64f94
helpers/plotOxygenEventAudit.m,3965,20260909T104858,dc6d61b442d54d4f2a8155957508c99827ec021afb0bd268362895ca8147ac1a
helpers/plot_areaerrorbar.m,1289,20260908T174721,a30ff1f359c26ddcd69713aeccdc633fc2fdcc39eede01e1c1c5b92862ff17fc
helpers/prepareStatsBLIExportData.m,534,20260908T174721,cf473d7881af42269954b48faff2047a3f13f72bc1c0deb47aea2383b24bc13e
helpers/prepareStatsBehaviourAnalysisData.m,1017,20260908T174721,4910fea3112659612fe2d6c929178441f539b756a1423051ba47b428b49e865e
helpers/prepareStatsExportBundles.m,1604,20260908T174721,a898c8b984f99ad06ba3c58b1f8fff685059ca6b13d1627e6faad832cdf5b24e
helpers/prepareStatsPooledTraceExports.m,1396,20260908T174721,3456546eff44553902f82db38058eb403e2eeee187f8324f64091a3c0224ef34
helpers/prepareStatsROITraceFeatures.m,867,20260908T174721,9f26fead3fcaa692bd8aa5a610478169e1ecb60d8fc8882f0a3d42f69e485baa
helpers/prepareStatsSinkTables.m,594,20260908T180658,24a2ca427bab88c3859d6d78b6959e21ae14aa6a8f64e7243271e93d02081ea6
helpers/prepareStatsSurgeTables.m,500,20260908T180658,566a1fc2446bdb362f934d7024443a22532e4a6dd81039e3f6e1bb6bcc7a2267
helpers/prepareStatsTraceExportData.m,1200,20260908T174721,39b34209f06ba2c723ebb28d392267e3f8216f09b8e6df234cc5b1fe7ad6c320
helpers/preprocessDetectionStack.m,1055,20260908T174721,a89902a06781edad198d1d7b596f4b1a964728c413c169e434295fafdd12f94e
helpers/printWrapperConfiguration.m,921,20260908T174721,dddf31ae53eee9c64cd714499b987bb338e991aa50194485cbf466ee78b11515
helpers/printWrapperRecordingStatus.m,2300,20260908T174721,a13570545d28cdfc3a0c6a009b5daa38d4d43674d92506560fdc9bd88e875eea
helpers/prioritizeOxygenStatsPreviewRows.m,1036,20260908T174721,4c243cb86591aa5e7fb9db5c473011ee5a4013746a627b00715d6faeadb87fca
helpers/quantifyOxygenSinkEvent.m,1281,20260909T111543,f213d5197d05076b4225dbc39fc0ee4e5c88c51b2c9e4a4b6cdbd41229afe131
helpers/quantifyiOSSinkEvent.m,1417,20260908T174721,cf3570114a3f49cdae61f1cd6519d8fabfb1cf31775aa68e155eb7b93d5b9034
helpers/quantifyiOSSurgeEvent.m,979,20260909T131152,d0fabb030e6e421215512235c306f2c8363f576ce2e9196be90f2beeee5d78d1
helpers/readInputTable.m,1052,20260908T174721,b2a09c5524c3af194c0566f7bcc41990001a89f70396cbddbb55ef95cf4706dd
helpers/reconstructHypoxicEventFootprints.m,4426,20260908T174721,a762949bd457fca0b5d3d7de9c66217b703eea56cf09ede5facc0a0a9bf80f92
helpers/refineSinkRegionsByTraceCorrelation.m,3148,20260908T174721,fffde2b9b312271f4f06651d3b2047d15acf40039ad59a8b2fe80664484f5c46
helpers/refineTrackedSinkCandidates.m,3022,20260908T174721,5fd0939026811633cddf8f445311c30d0ac740b0007b9b8de7b4b5a59006502e
helpers/refineTrackedSurgeCandidates.m,778,20260908T174721,1f4a2ed83ba46d07c77c433cea475da3bcdae630a750205460af7a1f43a945da
helpers/refreshStatsEventMetadata.m,453,20260908T175122,fe04312ec6cdec9f80dda0fded21b1e6c0916c5fea23963cee8c877a2776b853
helpers/removeShortLogicalEvents.m,539,20260908T174721,cabad5a91611288529731cca129726c20d29df674adee85a8f8a70850db68b7b
helpers/requiredWrapperInputColumns.m,294,20260908T174721,2fc5bf8849415ef121b7297b522ea1a61eb0a95d0b2b2e67aa5099da5214b31a
helpers/resolveOptionalRecordingFile.m,1520,20260908T174721,d697e9f56208ba32dcd4cffa232e0b8e3813d811abb8a2ab0f36e1337613eacb
helpers/resolveSinkEventTiming.m,2400,20260909T111721,692c82f1a9a347f8e6790cdcd71aad770561743f3f6c243ba6b62ca9b2c32bcf
helpers/resolveWrapperRunChoices.m,1592,20260908T174721,f6c1d6fd0f11a63d6b02ba6982672162df733d1ba9f53af2e9dd1ce790addcd0
helpers/runHypoxiaAmyloidCohortSummary.m,37207,20260908T174721,0d03ca16ac1f541e973657011188bac57baf9f696ce15bc99b5280da3926fb99
helpers/runHypoxiaAmyloidRecordingAnalysis.m,10760,20260908T174721,eb0787d7616f6e01cf254abec16c45bb21b0b957a9c4887843f0800a95288411
helpers/runLegacyAnalysisScript.m,1626,20260908T174721,b2cc2d2945a0e9f3fa5ed76eecd58e09b14f378da7f6519df6a90f7a46f84af3
helpers/runOxygenDynamicsBehaviour.m,599,20260908T174721,dc3e4f9eefb923143ecfd057d140d409bd148a578f7771a304e24542b3a4a4d1
helpers/runOxygenDynamicsMaster.m,660,20260908T174721,eb41bd832d82c5b7518fd0aac11cf2f6105cd2d7dc85643e1a78f5514d82770e
helpers/runOxygenDynamicsTiffout.m,3430,20260908T174721,0977843a767e27c3137c3f45fe45a7832486ebaa1b5d2f35936e53947d9e65ab
helpers/runiOSDynamicsMaster.m,642,20260908T174721,8efef238cbb25186481b1d5ff621f86d7c65c6087b18254e127568a189e4d2fe
helpers/runiOSTiffout.m,2606,20260908T174721,d779b820bd0b9f273bbdb21c237898959a71e893d2e96013f37daf76a60d7557
helpers/safeCellMean.m,169,20260908T174721,55ffa4c548e7d8e74f90fdbd5c179946711a82b39bed41a40036107d4d2115b3
helpers/safeCoeffVariation.m,320,20260908T174721,977875357bfb61a436b9a1327178f7bb1ab1e153fc9c03a484a0d0902b687d28
helpers/safeCorr.m,337,20260908T174721,7a2c82d26abe6b2679ccf7f65e9a413d0d656c88f35e4d0c153419de40661466
helpers/safeCorrMatrix.m,1025,20260908T174721,04b2e14f0894b8021c0dbc41a341e46182579076dc259a96b7fd6d5f3a5ff8aa
helpers/safeMat2Gray.m,496,20260908T174721,c3c51a80e38bede0a3c3cb02cb778749c2ef36214c24bcbd0cb0ed0fda1ce619
helpers/safeShannonEntropy.m,364,20260908T174721,1eac57a6312ff8b1dc2b720d7b79f7da75055af079e2a58daddf221c2bd0febc
helpers/safeZScore.m,416,20260908T174721,848c2285fb388ee6e845694701a7d8315a18f88d37fd6b459a274cb70bb480ab
helpers/saveFailureLog.m,280,20260908T174721,3e3a61476f8a16cad7633c6d00ebd5d5c03082feca5cef990fa0404243def920
helpers/saveMasterImageStacks.m,999,20260908T174721,cc6a2296a40cde1fe524746eabebf9cd415abfe16bc5b65e4b3acbeaa8f50140
helpers/saveOxygenMasterOutputs.m,2320,20260908T174721,b6628317180c7db079f0f55c2269fbbe224c7504ba30e18013b08fc1367b5e1e
helpers/saveOxygenTiffoutStacks.m,1249,20260908T174721,2b03e0177fc197488d2f6277bef3e0d2691a27a9a1b04db9934fb54203162590
helpers/saveStatsCoreTables.m,800,20260908T174721,cfde2c71e126c9b6363e18f5381536dcd2e31bbc6dd42c377e492be162103886
helpers/saveStatsDataOutput.m,1022,20260908T174721,5c7b094ce2ba99af5d04ff259b27689ecfef48fc0947139d838e4860d236e0fd
helpers/saveiOSMasterOutputs.m,1875,20260908T174721,aa1c8765cfe283db5125a1e40efaae423cf8d9c58f242ca3767be20fffe786d1
helpers/saveiOSTiffoutStacks.m,723,20260908T174721,3138b5613904f3b4872c013c949626d41875a765343f7ca6e41a844907d92368
helpers/scaleStackToUint16.m,551,20260908T174721,d5ca8473c14962b539f4ef5e1df0c3cd0f14bb8614b956ad49b9dc4b4a32b961
helpers/scaleStackToUint8.m,544,20260908T174721,bb5562b6dd9149a3f7ad7bd6672dfcc3d402645b20c41862cf772137cf8c3f45
helpers/selectStatsBehaviourTimeWindows.m,708,20260908T174721,a693095ee4f22b07e8a278fb138e54ccf6542724810778eba5286694fcee6166
helpers/selectStatsMatFile.m,636,20260908T174721,f781c56611027b703e04f147121e555aa4205075d710cfed05ad93916b140926
helpers/selectStatsOutputFolder.m,1498,20260908T174721,56a2f9d8e9b4bfdc7ac453caf74dba88c47979138e9ad4ac2a742545f96cb472
helpers/selectStatsSinkSummaryColumns.m,740,20260909T082703,f3c4889c76662ed868f19e874da01528aec4178e7f7012406463d3bfcade4fc6
helpers/selectStatsSurgeSummaryColumns.m,807,20260909T082703,0966ed2107bc4409d48a7fc44643fff57d28737f7ab3fc1bab20ff9c1b143d6a
helpers/sendolmail.m,534,20260908T174721,053697c7cd80a057ab39ce980ba4b12ff1fbe71b08cf14d1b048da539dabaaf8
helpers/setOxygenSinkEventVectorRow.m,2076,20260908T174935,2ae476d7e9f83d341d6e2cfb074d3040e431c9f6ec383e0fd07774cc9c7e8f47
helpers/setOxygenSurgeEventVectorRow.m,2103,20260909T130803,785573237294cb19236ffc06461a5a38e8a4dc82326a5dd76f35ad7f7f8cf385
helpers/shouldRunOutputStep.m,550,20260908T174721,213b2d8233cd7e48dc9b551deae518f333ba2c60ce8a24c58d373b78e41e16fa
helpers/statsLoadIssuesToTable.m,2127,20260908T174721,f924ee4f56469991aabbe754d9723afc7358a0121ca9cfeb3017e1c6e6b4b0eb
helpers/statsLoadSummaryToTable.m,348,20260908T174721,09544ee22d798fd75f368a2dc5469bd155b13501dd65a747c1f504a3333b9e69
helpers/statsRecordingsToTable.m,2545,20260908T174721,ba5c33ea14ac215c966787c7bddd002e880ce16feffd962ad5c58e2446d30b07
helpers/storeStatsSinkRecordingData.m,479,20260908T175648,80221cb966e233b16d12e88c78a398f48da7a46a20cda1a1e1833c25e84ae025
helpers/storeStatsSurgeRecordingData.m,575,20260908T175648,67d122c119afc54197ae710cb44382f0339b88774ebb0043f4072e11fe3cd0d4
helpers/summarizeHypoxiaAmyloidProperties.m,3255,20260908T174721,fed0b1f7bec1ae4e15a54e811d834cfa6741d81ab23e657046427944f8ddd340
helpers/summarizeOxygenMouseMetrics.m,1592,20260908T175931,be5e4eaeaf8e0a314ec80abd7bbe791fb7040b9ac7de44381c09cb1f367550e5
helpers/summarizeStatsGroupingLevels.m,1498,20260908T174935,dd086c789c8851d9074d786b7eb945b4386836bcc4c8da804399125744d47725
helpers/textSha256.m,315,20260908T174721,a27790deb214adf26990e08d68c4fd6dd24e7cead3a4695b83920e3fd2470e14
helpers/trackSinkCandidates.m,1640,20260909T130803,6b832e503847baf5e8397eccbb650573f956bb5915fd231694f377ebb1eabdee
helpers/trackSurgeCandidates.m,2307,20260909T130803,15ba87b29d4c5f19c6b793e447e93f8a6cd10746f42134d821e5570d26426d91
helpers/uniqueStrCell.m,585,20260908T174721,3259aa2f9e2b340fd5a6f33f04e5ad25e6b7d547d0e4d09d390e80cdcbefc696
helpers/unpackWrapperInputTable.m,809,20260908T174721,44eace6bf5068d4b4e7bb8c623b4781b012b88c719c7dfa028c334331a67d366
helpers/updateWrapperRecordingInfo.m,991,20260908T174721,17bb0f24fc8548883fff93e3bcbb4c4a529b0ee0c25de83918c94c74ba67564c
helpers/upgradeStatsAnalysisTables.m,1956,20260909T085137,8d2b8f709db64995217e306e96880f5cca24082794efd565a5ccd1de86cce539
helpers/validateInputTableColumns.m,697,20260908T174721,32a9c1dc75e760f60c8083052f8111b6dc468d2863087c9096249dd678721cac
helpers/validateOxygenAnalysisCalibration.m,957,20260909T085137,f07590e2a9359edc3884fa4f88eb91df9ce16eb6159f922b7519ece624a51382
helpers/validateOxygenPipelineContract.m,996,20260909T085137,b61c5fb059d167a70e57d572a703645718a9691b8aa9cc9d71062516fed81975
helpers/validateOxygenRecording.m,4954,20260908T174721,839ae2edb1089b48340aa5feb1e99fae7db3486bf1e1f386d2a81f193f10d6f0
helpers/validateOxygenSourceFiles.m,1421,20260909T085556,bd74c3973485717dc22e8700db0134a8d697e07e29b5cf82c0bdc5115336a058
helpers/validateRecordingPaths.m,1597,20260908T174721,85249032aba8ed71af27e660b55e1ddc595cbbb19e6773cb34433ad5c3b43fe4
helpers/vertcatCellTables.m,781,20260908T181333,576466867d8a685c125f856e70274fc07d43733103c5243c739bf7ce12f489a7
helpers/warnStatsLoadedDataIssues.m,3127,20260908T174721,4879365d80b6b26eaa29a87995c00c47a1695c4fdefc90c0a2a4d07c3b37c2d9
helpers/writeAlignedSinkTraceSheets.m,676,20260908T174721,59e8cb057a2e4b8b61794763ced9902f27ddbaf4f82dc6ef893ea50266d5f2d1
helpers/writeHypoxicBurdenWorkbookSheets.m,1307,20260908T174721,b232d166034fdb1b93a60d2e6ba988d4e8166ca26606ba817d372340fa8f6047
helpers/writeOptionalStatsSheets.m,302,20260908T174721,b0edf6634588879c2641abfd889885e2ea02b114dbd0f7d7dbd944c7a9cdee8c
helpers/writeStatsAcceptanceSheet.m,308,20260908T174721,e753eca21979685fd7a4f3a2edec33673bed9710255c43bf09004cc85cb89a82
helpers/writeStatsAnalysisWorkbookOutputs.m,1593,20260908T174721,db02c6d3e08c2498ed3af807b923037e868fb4db8826fdd704184d06a686b873
helpers/writeStatsBinnedTraceSheets.m,894,20260908T174721,29178510a2ace0b764b1f4e85255ca975971f2affdac702e298aa8587a203163
helpers/writeStatsEventTables.m,387,20260908T174721,11b48df90acbfd53b0f6244f3f7556c3341509d711e12f95665db287a68d18d5
helpers/writeStatsGroupedTables.m,842,20260908T174721,e6f290e218b1e1adb88bd8d3147bbd35f77aae7e2dc9a5c57ef78d3bbccb3086
helpers/writeStatsMetricBasisSheet.m,3437,20260909T091851,8c86f33f809f97a70de1e585d0adef3ccfdf08e3c54c77dbbfd200f83dbefa0c
helpers/writeStatsMetricDefinitionsSheet.m,10732,20260909T131152,2c27e04376402c7c36550207c48ac44153a0766254565c1f570479bb27cd4afc
helpers/writeStatsMetricSheets.m,276,20260908T174721,d123508041a3cd07a1fae47f4a350d34bb9551331ca55b50a074e4bdf12b39b9
helpers/writeStatsMetricWorkbookSheets.m,904,20260909T091550,42924d8cf8827f7b65d21def8779696661ea2b1f0faa267918bc9af76a3acaa5
helpers/writeStatsNormalizationGuideSheet.m,10255,20260909T091851,f30cb3990ac5e76ceb3da0d2510c7adb5be83654bb79b91004947f20a52cb939
helpers/writeStatsPooledTraceSheets.m,882,20260908T174721,4543af1fdd47eb6bcd60e53211fa4670f113d2160eb87460304c6b64a6193b8d
helpers/writeStatsPuffTraceFigures.m,1996,20260908T174721,b6c6aefc9a86941e3dc51e94a4dc46e27b000da3434332017ad9c5ad08b0ae87
helpers/writeStatsRunSummarySheets.m,815,20260908T174721,5f16454f385b7b7fe9f9eec3925a00c7876d3247b67a8a3a79aae858aab58876
helpers/xlscol.m,784,20260908T174721,e9874f56d17e8a8c7e2a38f43017af267e0123f56a896c4c4d2edf22cca405d6
iOSDynamics_Master.m,20099,20260908T174721,5f2f34823db44271cf9ce6dc8b5b9b344c15bb8857121bfda2d8efabd7f3f864
iOSDynamics_Wrapper.m,9270,20260908T174721,ecba919c72fdbc0889c582849cefc990ca30414dc37b7610b0ac4777033da730
iOS_Tiffout.m,601,20260908T174721,76cc7e80ce8bf4f591de0cde03266768a4ed6b749614d8c1dbb6de56a92da41f
listOxygenRegressionBaselines.m,2701,20260908T174721,32660cb3b679f4e53cb363d74f86a3e852d04d22365cd7b07fa3ba12d92b3069
refreshAcceptedOxygenRegressionBaseline.m,1265,20260908T174721,57e2b9c677b5550e987846b466ca73c744a83fbc5dc0bcd8ce63a86dc7d7d018
restoreOxygenRegressionBaseline.m,2756,20260908T174721,2c32fd4b73b8380b8eb4506e90a27561632d1f04b7fe3baf8a8941ea7d8c9659
reviewLatestStatsAcceptance.m,2253,20260908T174721,ae324010b25037c6874c0322ac32b5e15e658191b0023e7a26e9ed0fa8fa2b7e
runOxygenDynamicsStats.m,25570,20260909T085425,800e26c11cd6c6eceb084b9a3ebe109bd359ef2820db5287860a86994440c842
runOxygenDynamicsVascularAnalysis.m,2417,20260908T174721,6ea591b0efeea59a0e1ae7d5709653d6457db5283e6972f3b9dd454394aad932
runOxygenDynamicsVascularEventAnalysis.m,9128,20260908T174721,effdf96abd04c2ab38b22c8f63fb852203d5488a0fcf4bb756a3032d22212064
runOxygenPipelineSmokeTest.m,143696,20260909T131152,a7279f0c8e05e0a0352567e7d9c456e07da1099fe426802a756e5d6f0aedb53e
runOxygenPipelineVerificationReport.m,14856,20260908T174721,9731432528f02d710bacf45558835897b4473cfd266e81c699c411232fbe889a
runOxygenRegressionCheck.m,3090,20260908T174721,efc8faad02af20d8fc946bc3219450d0dbd09ec7b73a36e3f1661eb3094e8eb9
runOxygenRegressionTest.m,25315,20260908T174721,5b6984d9aacc9bc14c5de077912a05035d8447e871f6111b8fa700cb3d0cf59e
runOxygenSummaryFigures.m,35410,20260909T091550,4eb03d00b84b24153bfb90c06c6bbe8a40d540da708947508bafb39741f4e2fb
runRepositoryChecks.m,2156,20260908T174721,f179364bd0784941bd5209499ec19b743bb314505d33ba515cf550fca25fa890
setupOxygenDynamicsPath.m,407,20260908T174721,a6fd653363206dc429478930996855ac2c4d4a45ccd9c7baa210bfe2e7f2dd2d
testHypoxiaAmyloidAnalysis.m,9754,20260908T174721,8b06c35121d7906ffbbda83997393c715c7178e514ad83e691219d53155eab51
tests/analysis/auditKnownSignalPilot.m,2004,20260909T122600,1ffbba669c20a7e2dc01d2b90b5185bdaac34fe99886731bfecc79f13d69e1f4
tests/analysis/compareLocalTimingReference.m,3385,20260909T112450,eabeec8c0811d26f9d71e25e11f9b0e0fbdf803ed42a0901b67bf8eeec653bb0
tests/analysis/compareNativeEventWindows.m,2954,20260909T104256,fbc1df0de8293e3abf056b3f9a09a2115a111e4e18cc210c156b8ab6c3323eff
tests/analysis/convertDandiReferenceStack.m,2181,20260909T094938,703c6a6b5aff6fc985a2f925fba7ac61d62bf0dac9131f780b16ee41aa796cde
tests/analysis/inspectDandiReferenceResults.m,3363,20260909T111721,2381afed695f082911a36af6246776064647793e75b00424a5dd70f526556d9f
tests/analysis/inspectRetainedSinkRuns.m,3122,20260909T125824,169dcd023c11f5f2ccf0c2301b28b7c37ff11f1701d1e798ab8b8a4db5fec1d8
tests/analysis/runDandiReference.m,4366,20260909T094236,598207bbb135f5e258b016c5512bd1dbb6619f0982e6e206b6dc2a525ede034c
tests/analysis/runDandiReferenceSet.m,5144,20260909T112450,0a62387e532088be3a191bcfdd4bdf906bd4d0702da91742d94b78f2ca358833
tests/analysis/runDandiSignalAudit.m,2527,20260909T103159,beaa248c329ea46614a5e13b165ca17177d7028eea97edc32ac73d0e473fb3d2
tests/analysis/runExistingAnalysisIntegration.m,4496,20260909T130803,cf7361353cb9a21f06ff2b3cb4c961489f2c7b420fec9c038d9c9cb4d3217775
tests/analysis/runKnownSignalPilot.m,5672,20260909T124330,e869131bc12d3d018045b1cce4a138ce643463be9ebed495512ebcdb61f6a466
tests/analysis/runSmoothSignalValidation.m,6646,20260909T131614,d9389f563e8025da800396180c63010912d4ba4b7a095a70a5eea175b1053873
tests/analysis/sweepLocalSinkTiming.m,2711,20260909T114006,c92d44841e997a0561f9f8f480a4538388b0c42ea4fda7e5f55f274a6c5c0827
tests/analysis/testAnalysisCorrections.m,7942,20260909T082854,e9aa998f30ffa8fc6ff94d836eafb64525c05230ed8bd8e6e17029422e408874
tests/analysis/testDandiConversion.m,1712,20260909T094938,3a9b35911789c3ed7312267e249127fe8de90784d5c7cd4f6a69c07e964664b1
tests/analysis/testEventAmplitudeAudit.m,3053,20260909T104138,024f59a14ba39dc4379747af134cd87f421f30aa3070c85d00d283f68f3dcdb6
tests/analysis/testLocalSinkTiming.m,3086,20260909T111721,bf195db9d1c94786031f929df180e984adbd0fac7c733c650747948d9e37603d
tests/analysis/testMeasurementAvailability.m,2360,20260909T091550,5b8092b7df5ef026ad2736520f997507a08e3f2807340f79ea6a37405c7a7655
tests/analysis/testPipelineContract.m,2319,20260909T085556,bcad7dcad9979bfb7a10acfa35c84eecabebc1d461f5e45c2de92aae5c2571b6
tests/analysis/testReviewCorrections.m,3878,20260909T091550,d73c4748d651491c31bf85608450423378a3a8f0cd220a4f45b3866a5a1063e9
tests/analysis/testSinkRecurrence.m,3088,20260909T130803,bbc72adce7dca65e0d15030056876c89ae136397914212210eb34e54e0351d92
tests/analysis/testSurgeCorrections.m,2960,20260909T131152,7e5f77c329a28b3b5bc09ec0c7bb1229a0d94d5066c2e49e39351b0255669073
tests/analysis/testSurgeTrackingEquivalence.m,1816,20260909T130803,e9fd55c673a743774da6eb443d81da673ed9bc859677a7691d9e844b1c3eb812
tests/analysis/traceKnownSignalSinks.m,4539,20260909T124150,287f1f4f004ae370a76d61871cbfe0ff37f36854aee00094bcd064d68127dbc1
updateHypoxicBurdenStatsOutput.m,3426,20260908T174721,94b336c58dc6d6f43b00bd56ddd6a7f5fe138d61f86bc20afb7a0071f5ede5f1
writeOxygenAnalysisManifest.m,12118,20260908T174721,3e07c48950c2c840aec06a7d11606d32fb082bc0531d239bed03047c4b1dfcd1
